index,smiles,pedegree,descriptors,fitnesses
CN1CCN(CCc2cc(S(=O)(=O)N(C)C)ccc2O)CC1,CN1CCN(CCc2cc(S(=O)(=O)N(C)C)ccc2O)CC1,"('crossover', 'CN1CCN(CCC(=O)N(C)c2cc(S(=O)(=O)N(C)C)ccc2Cl)CC1', 'CN1CCN(Cc2cc(S(=O)(=O)N(C)C)ccc2O)CC1')","[0.3095807959393939, 0.15540000000000007, 0.4577857142857143, 0.5180066666666673]",0.5104166666666666
C=CCCc1cc(O)ccc1-c1ccccc1S(=O)(=O)[N+](=O)[O-],C=CCCc1cc(O)ccc1-c1ccccc1S(=O)(=O)[N+](=O)[O-],"('mutation', '[*;!H0;!H1:1]>>[*:1]=C', 'CCCc1cc(O)ccc1-c1ccccc1S(=O)(=O)[N+](=O)[O-]')","[0.3274760411515152, 0.6072000000000003, 0.6964999999999999, 0.5137888888888894]",0.28695652173913044
CN1CCN(CCc2cc(S(=O)(=O)N(C)C)ccc2Cl)CC1,CN1CCN(CCc2cc(S(=O)(=O)N(C)C)ccc2Cl)CC1,"('crossover', 'CCCCN1c2ccc(O)cc2Sc2ccc(O)cc21', 'CN1CCN(CCC(=O)Nc2cc(S(=O)(=O)N(C)C)ccc2Cl)CC1')","[0.3640235626909091, 0.31336666666666674, 0.31328571428571433, 0.5551755555555562]",0.5104166666666666
CN1CCN(CCC(=O)N(C)c2cc(S(=O)(=O)N(C)C)ccc2Cl)CC1,CN1CCN(CCC(=O)N(C)c2cc(S(=O)(=O)N(C)C)ccc2Cl)CC1,"('mutation', '[*;!H0:1]>>[*:1]-C', 'CN1CCN(CCC(=O)Nc2cc(S(=O)(=O)N(C)C)ccc2Cl)CC1')","[0.5368158769818182, 0.2817666666666667, 0.45835714285714285, 0.7143200000000007]",0.46226415094339623
Cc1cccc(S(=O)(=O)N2CCN(C)CC2)c1,Cc1cccc(S(=O)(=O)N2CCN(C)CC2)c1,"('crossover', 'Cc1cccc(S(=O)(=O)c2ccc(CCN3CCN(C)CC3)c(P)c2)c1', 'CCN([N+](=O)[O-])S(=O)(=O)c1ccc(N2CCN(C)CC2)c(NC(=O)Nc2ccccc2F)c1')","[0.08820878429090907, 0.23851999999999998, 0.2901428571428572, 0.30483111111111155]",0.3333333333333333
CC(CN1CCN(C)CC1)c1cccc(S(=O)(=O)N(C)C)c1,CC(CN1CCN(C)CC1)c1cccc(S(=O)(=O)N(C)C)c1,"('mutation', '[*;!H0:1]>>[*:1]-C', 'CN1CCN(CCc2cccc(S(=O)(=O)N(C)C)c2)CC1')","[0.3035830245575758, 0.29796666666666666, 0.31328571428571433, 0.5518533333333341]",0.46464646464646464
CN(C)S(=O)(=O)N1CCN(CCC=C2c3ccccc3Sc3ccc(NN=N)cc32)CC1,CN(C)S(=O)(=O)N1CCN(CCC=C2c3ccccc3Sc3ccc(NN=N)cc32)CC1,"('mutation', '[*;!H0:1]~[*:2]>>[*:1]=N-[*:2]', 'CN(C)S(=O)(=O)N1CCN(CCC=C2c3ccccc3Sc3ccc(NN)cc32)CC1')","[0.7490045943515155, 0.7091450000000004, 0.6578571428571428, 0.9788133333333336]",0.6923076923076923
CC=C1c2ccccc2Sc2ccc(NN=N)cc21,CC=C1c2ccccc2Sc2ccc(NN=N)cc21,"('crossover', 'CN(Cl)S(=O)(=O)c1ccc([N+](=O)[O-])c([N+](=O)[O-])c1', 'CN(C)S(=O)(=O)N1CCN(CCC=C2c3ccccc3Sc3ccc(NN=N)cc32)CC1')","[0.1275242982303031, 0.910111666666667, 0.3445714285714286, 0.42811555555555586]",0.38613861386138615
CN(C)S(=O)(=O)c1ccc(Cl)c(CC(=O)N2c3ccccc3Sc3cc([N+](=O)[O-])ccc32)c1,CN(C)S(=O)(=O)c1ccc(Cl)c(CC(=O)N2c3ccccc3Sc3cc([N+](=O)[O-])ccc32)c1,"('crossover', 'CN1CCN(CCC(=O)N(C)c2cc(S(=O)(=O)N(C)C)ccc2Cl)CC1', 'CN1CCN(CCCCC(=O)N2c3ccccc3Sc3cc([N+](=O)[O-])ccc32)CC1')","[0.8425383041090909, 0.895083333333334, 0.7202142857142858, 0.9648466666666672]",0.3643410852713178
CN(N)S(=O)(=O)N1CCN(CCC=C2c3ccccc3Sc3ccc(O)c(N)c32)CC1,CN(N)S(=O)(=O)N1CCN(CCC=C2c3ccccc3Sc3ccc(O)c(N)c32)CC1,"('crossover', 'CN(N)S(=O)(=O)N1CCN(CCC=C2c3ccccc3Sc3ccc(N)c(N)c32)CC1', 'CN(C)S(=O)(=O)c1ccc(O)c(-c2ccccc2O)c1')","[0.7156228234060606, 0.4047833333333335, 0.8295, 0.9295933333333336]",0.5779816513761468
CN1CCN(N(O)c2cc(S(=O)(=O)N(C)C)ccc2O)CC1,CN1CCN(N(O)c2cc(S(=O)(=O)N(C)C)ccc2O)CC1,"('mutation', '[*:1]~[D3](~[*;!H0:2])~[*:3]>>[*:1]-[*:2]-[*:3]', 'CN1CCN(C(=O)Nc2cc(S(=O)(=O)N(C)C)ccc2O)CC1')","[0.31859447328484836, 0.08341666666666665, 0.6254285714285714, 0.47016777777777824]",0.4117647058823529
CN(C)S(=O)(=O)c1ccc2c(c1)N(S(=O)(=O)[N+]([O-])CO)c1ccccc1S2,CN(C)S(=O)(=O)c1ccc2c(c1)N(S(=O)(=O)[N+]([O-])CO)c1ccccc1S2,"('mutation', '[*:1]~[*:2]>>[*:1]C[*:2]', 'CN(C)S(=O)(=O)c1ccc2c(c1)N(S(=O)(=O)[N+](=O)[O-])c1ccccc1S2')","[0.6212731007030301, 0.31201666666666666, 0.885357142857143, 0.6836155555555558]",0.42342342342342343
CN1CCN(CCc2cc(S(=O)(=O)N(C)C)ccc2-c2ccccc2CS(C)=O)CC1,CN1CCN(CCc2cc(S(=O)(=O)N(C)C)ccc2-c2ccccc2CS(C)=O)CC1,"('crossover', 'CN1CCN(N2CCN(CN3c4ccccc4Sc4ccc(S(C)=O)cc43)CC2)CC1', 'CN1CCN(CCc2cc(S(=O)(=O)N(C)C)ccc2-c2ccccc2CS(C)(=O)=O)CC1')","[0.7218070724727274, 0.46205000000000024, 0.4352142857142858, 0.9795800000000005]",0.5981308411214953
CN(Cl)S(=O)(=O)c1ccc([N+](=O)[O-])c([N+](=O)[O-])c1,CN(Cl)S(=O)(=O)c1ccc([N+](=O)[O-])c([N+](=O)[O-])c1,"('crossover', 'Cc1cc(S(=O)(=O)N(C)C)ccc1-c1ccccc1[N+](=O)[O-]', 'CN(Cl)S(=O)(=O)c1ccc(Cl)c([N+](=O)[O-])c1')","[0.21201995027878773, 0.29621666666666663, 0.8832857142857142, 0.22836222222222227]",0.19090909090909092
CN1CCN(CCc2cc(S(=O)(=O)N(C)C)ccc2-c2ccccc2S(=O)N[N+](=O)[O-])CC1,CN1CCN(CCc2cc(S(=O)(=O)N(C)C)ccc2-c2ccccc2S(=O)N[N+](=O)[O-])CC1,"('mutation', '[*:1]~[D1]>>[*:1]', 'CN1CCN(CCc2cc(S(=O)(=O)N(C)C)ccc2-c2ccccc2S(=O)(=O)N[N+](=O)[O-])CC1')","[0.8186697303878788, 0.28295000000000015, 0.8292857142857144, 0.9658922222222229]",0.5714285714285714
Cc1ccc2c(c1)C(=CS(=O)(=O)N(C)C)c1ccccc1S2,Cc1ccc2c(c1)C(=CS(=O)(=O)N(C)C)c1ccccc1S2,"('crossover', 'CN(C)S(=O)(=O)c1ccc2c(c1)N(O)c1ccccc1S2', 'Cc1ccc2c(c1)C(=CCCN1CCN(C)CC1)c1ccccc1S2')","[0.32142445692121213, 0.7067033333333339, 0.267, 0.5714422222222227]",0.5208333333333334
CN(C)S(=O)(=O)N1CCN(CCC=C2c3ccccc3Sc3ccc(N)cc32)CC1,CN(C)S(=O)(=O)N1CCN(CCC=C2c3ccccc3Sc3ccc(N)cc32)CC1,"('mutation', '[*:1]~[D1]>>[*:1]', 'CN(C)S(=O)(=O)N1CCN(CCC=C2c3ccccc3Sc3ccc(N)c(N)c32)CC1')","[0.6641374792000001, 0.5798666666666669, 0.4991428571428572, 0.9303911111111115]",0.7346938775510204
CN(C)S(=O)(=O)c1ccc(N)c(-c2ccccc2-c2ccccc2[N+](=O)[O-])c1,CN(C)S(=O)(=O)c1ccc(N)c(-c2ccccc2-c2ccccc2[N+](=O)[O-])c1,"('crossover', 'CN1CCN(N(O)c2cc(S(=O)(=O)N(C)C)ccc2O)CC1', 'CN(C)S(=O)(=O)c1ccc(N)c(-c2ccccc2[N+](=O)[O-])c1')","[0.5215443245090909, 0.710216666666667, 0.7610000000000001, 0.7694844444444446]",0.36134453781512604
COc1ccc2c(c1)C(=CCCN1CCN(C)CC1)c1ccccc1S2,COc1ccc2c(c1)C(=CCCN1CCN(C)CC1)c1ccccc1S2,"('mutation', '[*:1]~[*:2]>>[*:1]O[*:2]', 'Cc1ccc2c(c1)C(=CCCN1CCN(C)CC1)c1ccccc1S2')","[0.42780783167272723, 0.7881666666666672, 0.11221428571428572, 0.7688000000000004]",0.7311827956989247
CCCC(=O)NN1c2ccccc2Sc2cc([N+](=O)[O-])ccc21,CCCC(=O)NN1c2ccccc2Sc2cc([N+](=O)[O-])ccc21,"('crossover', 'CN1CCN(CCC(=O)NN2c3ccccc3Sc3cc([N+](=O)[O-])ccc32)CC1', 'CN1CCN(S(=O)(=O)c2ccc3ccccc3c2)CC1')","[0.3154042798181818, 0.7548000000000005, 0.5391428571428571, 0.5427900000000002]",0.28205128205128205
CN(C)S(=O)(=O)c1ccc(N)c(-c2ccccc2[N+](=O)[O-])c1,CN(C)S(=O)(=O)c1ccc(N)c(-c2ccccc2[N+](=O)[O-])c1,"('mutation', '[#8:1]>>[#7:1]', 'CN(C)S(=O)(=O)c1ccc(O)c(-c2ccccc2[N+](=O)[O-])c1')","[0.2911464453333332, 0.4323833333333334, 0.7610000000000001, 0.48686222222222236]",0.4117647058823529
CN(C)S(=O)(=O)c1ccc(Cl)c(OSc2ccccc2S(=O)(=O)CC[N+](=O)[O-])c1,CN(C)S(=O)(=O)c1ccc(Cl)c(OSc2ccccc2S(=O)(=O)CC[N+](=O)[O-])c1,"('crossover', 'CN(C)S(=O)(=O)c1ccc(Cl)c(OSc2ccccc2S(=O)(=O)C[N+](=O)[O-])c1', 'CCCC=NC(=O)N1c2ccccc2Sc2ccc(S(=O)(=O)[N+](=O)[O-])cc21')","[0.7726928532242422, 0.5378000000000002, 0.8849285714285715, 0.7685111111111117]",0.3252032520325203
CN1CCN(CN2CCN(CCc3cc(S(=O)(=O)N(C)C)ccc3P)CC2)CC1,CN1CCN(CN2CCN(CCc3cc(S(=O)(=O)N(C)C)ccc3P)CC2)CC1,"('crossover', 'Cc1cccc(S(=O)(=O)N2CCN(C)CC2)c1', 'CN1CCN(CCc2cc(S(=O)(=O)N(C)C)ccc2P)CC1')","[0.6552507061272727, 0.05038333333333389, 0.3595714285714286, 0.9145866666666674]",0.4188034188034188
N=CCCC=C1c2ccccc2Sc2ccc(N)cc21,N=CCCC=C1c2ccccc2Sc2ccc(N)cc21,"('mutation', '[*;!H0;!H1:1]>>[*:1]=N', 'CCCC=C1c2ccccc2Sc2ccc(N)cc21')","[0.1669800591272726, 0.8491450000000005, 0.35621428571428576, 0.516845555555556]",0.4444444444444444
CN1CCN(CCc2ccc3ccccc3c2)CC1,CN1CCN(CCc2ccc3ccccc3c2)CC1,"('crossover', 'CN1CCN(S(=O)(=O)N2CCN(S(=O)(=O)c3ccc4ccccc4c3)CC2)CC1', 'CN1CCN(CCCN2CCN(C)CC2)CC1')","[0.08841908698181813, 0.5216166666666667, 0.04628571428571429, 0.4621000000000006]",0.42424242424242425
Cc1ccc2c(c1S(=O)(=O)N(C)C)C(=CCCN1CCN(C)CC1)c1ccccc1S2,Cc1ccc2c(c1S(=O)(=O)N(C)C)C(=CCCN1CCN(C)CC1)c1ccccc1S2,"('crossover', 'Cc1ccc2c(c1C)C(=CCCN1CCN(C)CC1)c1ccccc1S2', 'CN(C)S(=O)(=O)c1ccc(O)c(S(=O)(=O)[N+](=O)[O-])c1')","[0.7035932400969698, 0.7131866666666671, 0.31328571428571433, 0.9805533333333336]",0.7551020408163265
CC1=C(C)c2ccccc2C(=O)C1=NCCN1CCN(S(=O)(=O)[N+](=O)[O-])CC1,CC1=C(C)c2ccccc2C(=O)C1=NCCN1CCN(S(=O)(=O)[N+](=O)[O-])CC1,"('crossover', 'CN(C)S(=O)(=O)c1ccc(Cl)c(-c2ccc(Cl)c(N(O)CS(=O)(=O)[N+](=O)[O-])c2)c1', 'CC1=C(C)c2ccccc2C(=O)C1=NCCN1CCN(C)CC1')","[0.5488820933454542, 0.29273333333333335, 0.8085000000000002, 0.7252188888888895]",0.36134453781512604
CN1CCN(CCN(C)S(=O)(=O)c2ccc(O)c(-c3ccccc3O)c2)CC1,CN1CCN(CCN(C)S(=O)(=O)c2ccc(O)c(-c3ccccc3O)c2)CC1,"('crossover', 'CCCC(=O)NN1c2ccccc2Sc2cc([N+](=O)[O-])ccc21', 'CN1CCN(CN(C)S(=O)(=O)c2ccc(O)c(-c3ccccc3O)c2)CC1')","[0.5459764464969697, 0.35545, 0.6022857142857143, 0.7662266666666672]",0.5825242718446602
CN(C)S(=O)(=O)c1ccc(O)c(NC(=O)O)c1,CN(C)S(=O)(=O)c1ccc(O)c(NC(=O)O)c1,"('mutation', '[*:1]~[D2]~[*:2]>>[*:1]-[*:2]', 'CN(C)S(=O)(=O)c1ccc(O)c(SNC(=O)O)c1')","[0.10620209843636365, 0.20540000000000003, 0.7638571428571429, 0.2291900000000003]",0.2524271844660194
CN1CCN(CCOc2cc(S(=O)(=O)N(C)F)ccc2Cl)CC1,CN1CCN(CCOc2cc(S(=O)(=O)N(C)F)ccc2Cl)CC1,"('crossover', 'CN1CCN(CCOc2cc(S(=O)(=O)N(C)C)ccc2Cl)CC1', 'CCCc1cc(S(=O)(=O)N(C)C)ccc1-c1ccccc1F')","[0.4245382376727274, 0.3285333333333333, 0.3792142857142857, 0.521564444444445]",0.4230769230769231
Cc1ccc(S(=O)(=O)N(C)C)cc1-c1ccccc1-c1ccccc1[N+](=O)[O-],Cc1ccc(S(=O)(=O)N(C)C)cc1-c1ccccc1-c1ccccc1[N+](=O)[O-],"('crossover', 'CN(C)S(=O)(=O)c1ccc(O)c(-c2ccccc2-c2ccccc2[N+](=O)[O-])c1', 'CNS(=O)(=O)N1CCN(CCC=C2c3ccccc3Sc3ccc(N)c(N)c32)CC1')","[0.5185284185454545, 0.8312533333333341, 0.5751428571428571, 0.7730911111111115]",0.3728813559322034
Cc1ccc2c(c1S(=O)N(C)Cl)C(=CCCN1CCN(C)CC1)c1ccccc1S2,Cc1ccc2c(c1S(=O)N(C)Cl)C(=CCCN1CCN(C)CC1)c1ccccc1S2,"('mutation', '[*:1]~[D1]>>[*:1]', 'Cc1ccc2c(c1S(=O)(=O)N(C)Cl)C(=CCCN1CCN(C)CC1)c1ccccc1S2')","[0.7155643399878789, 0.8561700000000009, 0.1913571428571429, 0.9711266666666669]",0.6346153846153846
Cc1ccc(S(=O)(=O)N(C)C)cc1-c1ccc2c(c1)N(S(=O)(=O)[N+](=O)[O-])c1ccccc1S2,Cc1ccc(S(=O)(=O)N(C)C)cc1-c1ccc2c(c1)N(S(=O)(=O)[N+](=O)[O-])c1ccccc1S2,"('crossover', 'CN(C)S(=O)(=O)c1ccc(O)c(-c2ccc3c(c2)N(S(=O)(=O)[N+](=O)[O-])c2ccccc2S3)c1', 'CC1=C(C)c2ccccc2C(=O)C1=NCCN1CCN(S(=O)(=O)[N+](=O)[O-])CC1')","[0.8486169646303029, 0.7560866666666674, 0.8421428571428572, 0.9567333333333335]",0.4
CN(C)S(=O)(=O)c1ccc2c(c1)N(O)c1c(N)cccc1S2,CN(C)S(=O)(=O)c1ccc2c(c1)N(O)c1c(N)cccc1S2,"('mutation', '[*;!H0:1]>>[*:1]-N', 'CN(C)S(=O)(=O)c1ccc2c(c1)N(O)c1ccccc1S2')","[0.33956207072727296, 0.5018333333333335, 0.6205, 0.5135300000000004]",0.4215686274509804
CN1CCN(CCP2c3ccc(O)cc3Sc3ccc(O)cc32)CC1,CN1CCN(CCP2c3ccc(O)cc3Sc3ccc(O)cc32)CC1,"('crossover', 'CCCN(CC)S(=O)(=O)CCC(=O)NN1c2ccccc2Sc2cc([N+](=O)[O-])ccc21', 'CN1CCN(CCP2c3ccc(O)cc3Sc3ccc(Cl)cc32)CC1')","[0.4518841988060606, 0.4570833333333333, 0.33528571428571424, 0.7258733333333337]",0.4144144144144144
CN(C)S(=O)(=O)N1CCN(CCC=C2c3ccccc3Sc3ccc(NN)cc32)CC1,CN(C)S(=O)(=O)N1CCN(CCC=C2c3ccccc3Sc3ccc(NN)cc32)CC1,"('mutation', '[*:1]~[*:2]>>[*:1]N[*:2]', 'CN(C)S(=O)(=O)N1CCN(CCC=C2c3ccccc3Sc3ccc(N)cc32)CC1')","[0.7096250520242428, 0.5304333333333334, 0.5850714285714287, 0.9681433333333337]",0.7128712871287128
CN1CCN(CCN(O)c2cc(-c3cc(S(=O)(=O)N(C)C)ccc3Cl)ccc2F)CC1,CN1CCN(CCN(O)c2cc(-c3cc(S(=O)(=O)N(C)C)ccc3Cl)ccc2F)CC1,"('crossover', 'Cc1cc(S(=O)(=O)N(C)C)ccc1-c1ccccc1F', 'CN1CCN(CCN(O)c2cc(-c3cc(S(=O)(=O)N(C)C)ccc3Cl)ccc2Cl)CC1')","[0.7428953565333333, 0.5565666666666669, 0.4809285714285714, 0.8976477777777785]",0.5315315315315315
CN1CCN(Cc2cc(S(=O)(=O)N(C)C)ccc2O)CC1,CN1CCN(Cc2cc(S(=O)(=O)N(C)C)ccc2O)CC1,"('crossover', 'CN1CCN(CCN(O)c2cc(S(=O)(=O)N(C)C)ccc2Cl)CC1', 'CN1CCN(CCC(=O)Nc2cc(S(=O)(=O)N(C)C)ccc2O)CC1')","[0.26710912907878787, 0.14831666666666674, 0.4577857142857143, 0.46392888888888945]",0.4791666666666667
CN1CCN(C=C2c3ccccc3Sc3ccc(N)cc32)CC1,CN1CCN(C=C2c3ccccc3Sc3ccc(N)cc32)CC1,"('crossover', 'CN1CCN(CCC=C2c3ccccc3Sc3ccc(N)c(N)c32)CC1', 'N=CCCC=C1c2ccccc2Sc2ccc(N)cc21')","[0.2974109656727273, 0.6450000000000001, 0.23214285714285715, 0.6396488888888895]",0.5510204081632653
CN1CCN(CCC=C2c3ccccc3Sc3ccc(N)c(N)c32)CC1,CN1CCN(CCC=C2c3ccccc3Sc3ccc(N)c(N)c32)CC1,"('crossover', 'Cc1ccc2c(c1N)C(=CCCN1CCN(C)CC1)c1ccccc1S2', 'CCCC=C1c2ccccc2Sc2ccc(C)c(N)c21')","[0.4278418722181818, 0.6474666666666667, 0.418, 0.794053333333334]",0.6161616161616161
CN1CCN(Oc2cc(S(=O)(=O)N(C)Cl)ccc2O)CC1,CN1CCN(Oc2cc(S(=O)(=O)N(C)Cl)ccc2O)CC1,"('mutation', '[*:1]~[D3](~[*;!H0:2])~[*:3]>>[*:1]-[*:2]-[*:3]', 'CN1CCN(N(O)c2cc(S(=O)(=O)N(C)Cl)ccc2O)CC1')","[0.3335474385939392, 0.20128333333333334, 0.5237142857142858, 0.4289622222222227]",0.3523809523809524
CN1CCN(CCN=CC(=O)N(C)c2cc(S(=O)(=O)N(C)C)ccc2Cl)CC1,CN1CCN(CCN=CC(=O)N(C)c2cc(S(=O)(=O)N(C)C)ccc2Cl)CC1,"('mutation', '[*;!H0:1]~[*:2]>>[*:1]=C-[*:2]', 'CN1CCN(CCNC(=O)N(C)c2cc(S(=O)(=O)N(C)C)ccc2Cl)CC1')","[0.618667086169697, 0.22855000000000025, 0.5466428571428571, 0.8114533333333338]",0.45045045045045046
CN([N+](=O)[O-])S(=O)(=O)NN1CCN(CCC=C2c3ccccc3Sc3ccc(N)cc32)CC1,CN([N+](=O)[O-])S(=O)(=O)NN1CCN(CCC=C2c3ccccc3Sc3ccc(N)cc32)CC1,"('crossover', 'CN(C)S(=O)(=O)NN1CCN(CCC=C2c3ccccc3Sc3ccc(N)cc32)CC1', 'CN(C)S(=O)(=O)c1ccc(O)c(-c2ccccc2[N+](=O)[O-])c1')","[0.8034718039757577, 0.4242833333333335, 0.8932142857142856, 0.9771255555555558]",0.6330275229357798
CN(C)S(=O)(=O)NN1CCN(CCC=C2c3ccccc3Sc3ccc(N)cc32)CC1,CN(C)S(=O)(=O)NN1CCN(CCC=C2c3ccccc3Sc3ccc(N)cc32)CC1,"('mutation', '[*:1]~[*:2]>>[*:1]N[*:2]', 'CN(C)S(=O)(=O)N1CCN(CCC=C2c3ccccc3Sc3ccc(N)cc32)CC1')","[0.7096250520242425, 0.49730000000000024, 0.5850714285714287, 0.9652322222222226]",0.7128712871287128
CN(C)S(=O)(=O)c1ccc(Cl)c(OCCN2CCN(S(=O)(=O)N(C)C)CC2)c1,CN(C)S(=O)(=O)c1ccc(Cl)c(OCCN2CCN(S(=O)(=O)N(C)C)CC2)c1,"('crossover', 'CCc1ccccc1-c1ccc(S(=O)(=O)N(C)C)cc1C', 'CN(F)S(=O)(=O)c1ccc(Cl)c(OCCN2CCN(S(=O)(=O)N(C)C)CC2)c1')","[0.6942761807393939, 0.14885000000000037, 0.6462142857142856, 0.7604400000000008]",0.3793103448275862
CN1CCN(CCc2cc(S(=O)(=O)N(C)C)ccc2-c2ccccc2F)CC1,CN1CCN(CCc2cc(S(=O)(=O)N(C)C)ccc2-c2ccccc2F)CC1,"('crossover', 'CN1CCN(CCc2cc(S(=O)(=O)N(C)C)ccc2Cl)CC1', 'CN1CCN(N2CCN(Cc3ccccc3F)CC2)CC1')","[0.5460261404727272, 0.5054833333333336, 0.31328571428571433, 0.781664444444445]",0.6464646464646465
CCc1ccccc1-c1cc(S(=O)(=O)N(C)C)ccc1C,CCc1ccccc1-c1cc(S(=O)(=O)N(C)C)ccc1C,"('crossover', 'Cc1ccc(S(=O)(=O)N(C)C)cc1-c1ccccc1CN1CCN(C)CC1', 'CN(C)S(=O)(=O)c1ccc(-c2ccc(-c3ccccc3F)c([N+](=O)[O-])c2)c([N+](=O)[O-])c1')","[0.23675545427878794, 0.6624533333333337, 0.267, 0.5207311111111117]",0.4489795918367347
CN1CCN(CCPc2ccc3ccccc3c2)CC1,CN1CCN(CCPc2ccc3ccccc3c2)CC1,"('crossover', 'CN1CCN(CPc2ccc3ccccc3c2)CC1', 'CN1CCN(CCCCC(=O)N2c3ccccc3Sc3cc([N+](=O)[O-])ccc32)CC1')","[0.18533298595757583, 0.48183333333333334, 0.04628571428571429, 0.5633444444444452]",0.4117647058823529
CCCC=C1c2ccccc2Sc2ccc(N)cc21,CCCC=C1c2ccccc2Sc2ccc(N)cc21,"('crossover', 'CN(C)S(=O)(=O)N1CCN(CCC=C2c3ccccc3Sc3ccc(N)cc32)CC1', 'CCCN1c2ccccc2Sc2ccc(S(=O)(=O)N(C)C)cc21')","[0.12760051680000006, 0.9108666666666672, 0.18585714285714286, 0.4822933333333337]",0.47368421052631576
CN(C)S(=O)(=O)c1ccc(Cl)c(O)c1,CN(C)S(=O)(=O)c1ccc(Cl)c(O)c1,"('crossover', 'CN1CCN(CCc2cc(S(=O)(=O)N(C)C)ccc2Cl)CC1', 'CN1CCN(CCP2c3ccc(O)cc3Sc3ccc(Cl)cc32)CC1')","[0.030324217757575756, 0.2993166666666667, 0.4115, 0.15544000000000036]",0.2736842105263158
Cc1ccc2c(c1)C(=CCCS(=O)(=O)N(C)C)c1ccccc1S2,Cc1ccc2c(c1)C(=CCCS(=O)(=O)N(C)C)c1ccccc1S2,"('crossover', 'CN1CCN(CCc2cc(S(=O)(=O)N(C)C)ccc2O)CC1', 'Cc1ccc2c(c1)C(=CCCN1CCN(C)CC1)c1ccccc1S2')","[0.40636779064242423, 0.7788033333333338, 0.267, 0.6768200000000004]",0.5833333333333334
CN1CCN(CCSOc2cc(S(=O)(=O)N(C)C)ccc2Cl)CC1,CN1CCN(CCSOc2cc(S(=O)(=O)N(C)C)ccc2Cl)CC1,"('mutation', '[*:1]~[*:2]>>[*:1]S[*:2]', 'CN1CCN(CCOc2cc(S(=O)(=O)N(C)C)ccc2Cl)CC1')","[0.5093780645696969, 0.39411666666666667, 0.3792142857142857, 0.6594200000000007]",0.4803921568627451
Cc1ccc2c(c1)C(=CCCN1CCN(C)CC1)c1ccccc1S2,Cc1ccc2c(c1)C(=CCCN1CCN(C)CC1)c1ccccc1S2,"('mutation', '[*:1]~[D1]>>[*:1]', 'Cc1ccc2c(c1N)C(=CCCN1CCN(C)CC1)c1ccccc1S2')","[0.3793383934303029, 0.8381366666666673, 0.04628571428571429, 0.7486333333333339]",0.7555555555555555
Cc1ccc(S(=O)(=O)N(C)C)cc1NC(=O)CN1C=CN(CCN2CCN(C)CC2)CC1,Cc1ccc(S(=O)(=O)N(C)C)cc1NC(=O)CN1C=CN(CCN2CCN(C)CC2)CC1,"('crossover', 'Cc1ccc(S(=O)(=O)N(C)C)cc1NC(=O)CN1C=CN(CN2CCN(C)CC2)CC1', 'Cc1ccc(S(=O)(=O)N(C)C)cc1CN1CCN(C)CC1')","[0.7250210909454549, 0.17000333333333384, 0.5674285714285713, 0.9656055555555562]",0.4146341463414634
CN(C)S(=O)(=O)c1ccc(O)c(-c2ccccc2-c2ccccc2[N+](=O)[O-])c1,CN(C)S(=O)(=O)c1ccc(O)c(-c2ccccc2-c2ccccc2[N+](=O)[O-])c1,"('crossover', 'CN1CCN(Cc2cc(S(=O)(=O)N(C)C)ccc2O)CC1', 'Cc1cc(S(=O)(=O)N(C)C)ccc1-c1ccccc1-c1ccccc1[N+](=O)[O-]')","[0.5245261899272725, 0.7307833333333339, 0.7196428571428571, 0.7389555555555559]",0.36134453781512604
CN(C)S(=O)(=O)c1ccc(O)c(S(=O)(=O)[N+](=O)[O-])c1,CN(C)S(=O)(=O)c1ccc(O)c(S(=O)(=O)[N+](=O)[O-])c1,"('crossover', 'CCCC=NC(=O)N1c2ccccc2Sc2ccc(S(=O)(=O)[N+](=O)[O-])cc21', 'CN(C)S(=O)(=O)c1ccc(O)c(NC(=O)O)c1')","[0.25755437169696965, 0.01798333333333339, 0.9635000000000001, 0.2573311111111114]",0.24299065420560748
CN1CCN(CCC(=O)NSc2cc(S(=O)(=O)N(C)C)ccc2O)CC1,CN1CCN(CCC(=O)NSc2cc(S(=O)(=O)N(C)C)ccc2O)CC1,"('mutation', '[*:1]~[*:2]>>[*:1]S[*:2]', 'CN1CCN(CCC(=O)Nc2cc(S(=O)(=O)N(C)C)ccc2O)CC1')","[0.5367865070060606, 0.15055000000000018, 0.6656428571428571, 0.6837033333333341]",0.45794392523364486
Cc1ccc2c(c1)N(O)c1ccccc1S2,Cc1ccc2c(c1)N(O)c1ccccc1S2,"('crossover', 'CN(C)S(=O)(=O)c1ccc2c(c1)N(O)c1ccccc1S2', 'Cc1ccc2c(c1N)C(=CCc1cc(S(=O)(=O)N(C)C)ccc1O)c1ccccc1S2')","[0.012291318096969683, 0.7478200000000003, 0.16764285714285712, 0.28521666666666695]",0.297029702970297
CN(Cl)S(=O)(=O)c1ccc(Cl)c([N+](=O)[O-])c1,CN(Cl)S(=O)(=O)c1ccc(Cl)c([N+](=O)[O-])c1,"('crossover', 'CCCC(=O)NN1c2ccccc2Sc2cc([N+](=O)[O-])ccc21', 'CN1CCN(Cc2cc(S(=O)(=O)N(C)Cl)ccc2Cl)CC1')","[0.17861373646060597, 0.42041666666666666, 0.5751428571428571, 0.21009111111111128]",0.2
CN(C)S(=O)(=O)c1ccc(O)c(-c2ccccc2CO)c1,CN(C)S(=O)(=O)c1ccc(O)c(-c2ccccc2CO)c1,"('crossover', 'CN(C)S(=O)(=O)c1ccc(O)c(-c2ccccc2[N+](=O)[O-])c1', 'CN(C)S(=O)(=O)c1ccc(O)c(CO)c1')","[0.24875099704242415, 0.3836333333333333, 0.556, 0.44820444444444485]",0.43434343434343436
CN1CCN(CCNC(=O)N(C=N)c2cc(S(=O)(=O)N(C)C)ccc2O)CC1,CN1CCN(CCNC(=O)N(C=N)c2cc(S(=O)(=O)N(C)C)ccc2O)CC1,"('mutation', '[*;!H0;!H1:1]>>[*:1]=N', 'CN1CCN(CCNC(=O)N(C)c2cc(S(=O)(=O)N(C)C)ccc2O)CC1')","[0.5672402253818181, 0.08549500000000025, 0.8591428571428571, 0.750866666666667]",0.45045045045045046
CN1CCN(Cc2cc(S(=O)(=O)N(C)C)ccc2Cl)CC1,CN1CCN(Cc2cc(S(=O)(=O)N(C)C)ccc2Cl)CC1,"('crossover', 'CN1CCN(CN2CCN(CC(=O)Nc3cc(S(=O)(=O)N(C)C)ccc3Cl)CC2)CC1', 'CN(C)S(=O)(=O)c1ccc(Cl)c(NC(=O)CS(C)(=O)=O)c1')","[0.32155189583030297, 0.30628333333333335, 0.31328571428571433, 0.5010977777777784]",0.4791666666666667
CN1CCN(CCc2cccc(S(=O)(=O)N(C)C)c2)CC1,CN1CCN(CCc2cccc(S(=O)(=O)N(C)C)c2)CC1,"('mutation', '[*:1]~[D1]>>[*:1]', 'CN1CCN(CCc2cc(S(=O)(=O)N(C)C)ccc2Cl)CC1')","[0.26111135769696975, 0.20446666666666669, 0.31328571428571433, 0.4995088888888895]",0.5212765957446809
CN1CCN(P2c3ccc(O)cc3Sc3ccc(Cl)cc32)CC1,CN1CCN(P2c3ccc(O)cc3Sc3ccc(Cl)cc32)CC1,"('crossover', 'CN1CCN(CCc2cc(S(=O)(=O)N(C)C)ccc2Cl)CC1', 'CN1CCN(CCP2c3ccc(O)cc3Sc3ccc(Cl)cc32)CC1')","[0.4213836318363636, 0.6008833333333335, 0.19078571428571428, 0.6548866666666671]",0.3482142857142857
CN1CCN(CCC=C2c3ccccc3Sc3ccc(NN=N)cc32)CC1,CN1CCN(CCC=C2c3ccccc3Sc3ccc(NN=N)cc32)CC1,"('crossover', 'Cc1ccc2c(c1)C(=CCCN1CCN(C)CC1)c1ccccc1S2', 'CN(C)S(=O)(=O)N1CCN(CCC=C2c3ccccc3Sc3ccc(NN=N)cc32)CC1')","[0.46722141454545474, 0.8463783333333338, 0.39085714285714285, 0.7934488888888896]",0.6907216494845361
CN(C)S(=O)(=O)c1ccc2c(c1)N(S(=O)[N+](=O)[O-])c1ccccc1S2,CN(C)S(=O)(=O)c1ccc2c(c1)N(S(=O)[N+](=O)[O-])c1ccccc1S2,"('mutation', '[*:1]~[D1]>>[*:1]', 'CN(C)S(=O)(=O)c1ccc2c(c1)N(S(=O)(=O)[N+](=O)[O-])c1ccccc1S2')","[0.527277980351515, 0.4825000000000002, 0.7202142857142858, 0.6128400000000003]",0.42990654205607476
CN1CCN(CCC=C2c3ccccc3Sc3ccc(N)cc32)CC1,CN1CCN(CCC=C2c3ccccc3Sc3ccc(N)cc32)CC1,"('crossover', 'Cc1ccc2c(c1)C(=CCCCCN1CCN(C)CC1)c1ccccc1S2', 'CN(C)S(=O)(=O)NN1CCN(CCC=C2c3ccccc3Sc3ccc(N)cc32)CC1')","[0.38235429939393945, 0.7171000000000003, 0.23214285714285715, 0.7450266666666674]",0.7362637362637363
Cc1ccc2c(c1S(=O)(=O)N(C)Cl)C(=CCCN1CCN(C)CC1)c1ccccc1S2,Cc1ccc2c(c1S(=O)(=O)N(C)Cl)C(=CCCN1CCN(C)CC1)c1ccccc1S2,"('crossover', 'Cc1ccc2c(c1C)C(=CCCN1CCN(C)CC1)c1ccccc1S2', 'CN(Cl)S(=O)(=O)c1ccc(Cl)c([N+](=O)[O-])c1')","[0.7640337782303033, 0.8005200000000007, 0.31328571428571433, 0.9797644444444447]",0.7029702970297029
CN(C)S(=O)(=O)c1ccc2c(c1)N(O)c1ccccc1S2,CN(C)S(=O)(=O)c1ccc2c(c1)N(O)c1ccccc1S2,"('crossover', 'CN1CCN(P2c3ccc(O)cc3Sc3ccc(Cl)cc32)CC1', 'CN1c2ccccc2Sc2ccc(S(=O)(=O)N(C)C)cc21')","[0.2940744979030302, 0.5714666666666668, 0.4346428571428572, 0.4645033333333338]",0.4742268041237113
CN1CCN(N2CCN(CN3c4ccccc4Sc4ccc(S(C)=O)cc43)CC2)CC1,CN1CCN(N2CCN(CN3c4ccccc4Sc4ccc(S(C)=O)cc43)CC2)CC1,"('mutation', '[*:1]~[D1]>>[*:1]', 'CN1CCN(N2CCN(CN3c4ccccc4Sc4ccc(S(C)(=O)=O)cc43)CC2)CC1')","[0.7036272806424243, 0.5440333333333336, 0.23764285714285716, 0.9840155555555561]",0.4
CN1CCN(CCc2cc(S(=O)(=O)N(C)C)ccc2P)CC1,CN1CCN(CCc2cc(S(=O)(=O)N(C)C)ccc2P)CC1,"('crossover', 'CN1CCN(CCc2cc(S(=O)(=O)N(C)C)ccc2Cl)CC1', 'CN1CCN(CCc2ccc(N(F)S(C)(=O)=O)cc2P)CC1')","[0.3580252566727273, 0.12120000000000018, 0.31328571428571433, 0.6033311111111116]",0.5104166666666666
CN1CCN(CCSOc2cc(S(=O)(=O)N(C)S(=O)(=O)[N+](=O)[O-])ccc2Cl)CC1,CN1CCN(CCSOc2cc(S(=O)(=O)N(C)S(=O)(=O)[N+](=O)[O-])ccc2Cl)CC1,"('crossover', 'CN1CCN(CCSOc2cc(S(=O)(=O)N(C)C)ccc2Cl)CC1', 'Cc1cc(S(=O)(=O)N(C)C)ccc1-c1ccccc1S(=O)(=O)[N+](=O)[O-]')","[0.797048756642424, 0.20940000000000017, 0.9312142857142858, 0.7704222222222225]",0.3697478991596639
CN(C)S(=O)(=O)c1ccc(O)c(-c2ccccc2[N+](=N)[O-])c1,CN(C)S(=O)(=O)c1ccc(O)c(-c2ccccc2[N+](=N)[O-])c1,"('mutation', '[#8:1]>>[#7:1]', 'CN(C)S(=O)(=O)c1ccc(O)c(-c2ccccc2[N+](=O)[O-])c1')","[0.2911464453333334, 0.4970450000000001, 0.7680714285714286, 0.4491411111111113]",0.4117647058823529
CN(C)S(=O)(=O)c1ccc(O)c(CO)c1,CN(C)S(=O)(=O)c1ccc(O)c(CO)c1,"('crossover', 'CN1CCN(CCc2cc(S(=O)(=O)N(C)C)ccc2O)CC1', 'CN1CCN(Cc2cc(S(=O)(=O)N(C)C)ccc2O)CC1')","[0.018353117866666678, 0.10580000000000005, 0.556, 0.16558222222222263]",0.27835051546391754
